#----------------------------------------------------------------------------------------------------------------------------------------------------------
# Output file for vampire simulation
#   time       : 2025-12-15 12:31:13     process id : 18029
#   hostname   : Mochi
#   path       : /home/cajam/personal/vampire/var_temp
#   version    : 7.0.0
#   githash    : 433993ec30093f1fc1d8576d0572a95a3e34de99
#----------------------------------------------------------------------------------------------------------------------------------------------------------
0          	300        	0          	0          	1          	1          	0          	1.19795e-35	
1e-13      	0          	4.85816e-19	-4.89957e-19	1          	1          	4.63955e-34	1.1778e-35 	
2e-13      	0          	9.63389e-19	-9.79843e-19	1          	1          	1.75766e-33	1.15798e-35	
3e-13      	0          	1.43279e-18	-1.46959e-18	1          	1          	3.76473e-33	1.1385e-35 	
4e-13      	0          	1.4702e-18 	-1.53107e-18	1          	1          	6.3464e-33 	4.41747e-35	
5e-13      	0          	1.33627e-18	-1.42065e-18	1          	1          	9.391e-33  	1.54992e-35	
6e-13      	0          	1.29693e-18	-1.40407e-18	1          	1          	1.28022e-32	3.16718e-35	
7e-13      	0          	1.38208e-18	-1.51187e-18	1          	1          	1.64971e-32	1.55025e-35	
8e-13      	0          	1.10701e-18	-1.25801e-18	1          	1          	2.04046e-32	6.76843e-35	
9e-13      	0          	7.88594e-19	-9.55406e-19	1          	1          	2.44352e-32	1.49192e-34	
1e-12      	0          	4.50426e-19	-6.27883e-19	1          	1          	2.85009e-32	7.68299e-34	
1.1e-12    	0          	1.19748e-19	-3.02025e-19	1          	1          	3.26162e-32	4.11252e-33	
1.2e-12    	0          	-7.28132e-19	3.92724e-20	1          	1          	3.67561e-32	1.27704e-32	
1.3e-12    	0          	-1.25292e-18	-5.38574e-19	1          	1          	4.05088e-32	4.0626e-32 	
1.4e-12    	0          	-4.29723e-19	-1.73354e-18	1          	1          	4.03367e-32	1.29292e-31	
1.5e-12    	0          	-5.16966e-19	-2.07536e-18	1          	1          	3.71225e-32	3.50818e-31	
1.6e-12    	0          	-9.25533e-19	-1.96914e-18	1          	1          	3.66058e-32	1.39787e-30	
1.7e-12    	0          	-1.04187e-18	-2.94924e-18	1          	1          	3.96068e-32	9.58001e-30	
1.8e-12    	0          	-2.09553e-18	-2.88726e-18	1          	1          	6.21069e-32	6.64125e-29	
1.9e-12    	0          	-3.69152e-18	-1.69254e-18	1          	1          	3.97252e-31	3.23653e-28	
2e-12      	0          	-4.82461e-18	-7.04584e-19	1          	1          	3.3329e-30 	9.7626e-28 	
2.1e-12    	0          	-4.59113e-18	-8.19349e-19	1          	1          	1.86314e-29	1.96034e-27	
2.2e-12    	0          	-5.08623e-18	-8.7925e-19	1          	1          	5.95486e-29	1.64216e-26	
2.3e-12    	0          	-5.35187e-18	-1.17956e-18	1          	1          	6.97124e-29	2.20861e-25	
2.4e-12    	0          	-5.28847e-18	-1.18264e-18	1          	1          	3.49345e-28	1.70494e-24	
2.5e-12    	0          	-5.21949e-18	-9.61246e-19	1          	1          	8.72193e-27	7.85557e-24	
2.6e-12    	0          	-5.0749e-18	-8.1959e-19	1          	1          	8.11641e-26	2.03012e-23	
2.7e-12    	0          	-4.79267e-18	-1.19247e-18	1          	1          	4.16562e-25	4.23677e-23	
2.8e-12    	0          	-4.25133e-18	-1.90123e-18	1          	1          	1.12325e-24	5.99019e-22	
2.9e-12    	0          	-3.46136e-18	-2.49519e-18	1          	1          	8.48762e-25	7.41003e-21	
3e-12      	0          	3.26273e-18	-3.4544e-18	1          	1          	1.33601e-23	5.10262e-20	
3.1e-12    	0          	1.54135e-17	-9.21521e-18	1          	1          	1.15281e-22	2.07876e-19	
3.2e-12    	0          	3.16488e-17	-2.35094e-17	1          	1          	1.618e-22  	4.60096e-19	
3.3e-12    	0          	2.9058e-17 	-4.79476e-17	1          	1          	2.11795e-22	1.34664e-18	
3.4e-12    	0          	-7.1689e-17	-7.23796e-17	1          	1          	7.53211e-22	2.30078e-17	
3.5e-12    	0          	-4.63001e-16	-2.40336e-17	1          	1          	2.26806e-20	2.46494e-16	
3.6e-12    	0          	-1.47551e-15	3.10386e-16	1          	1          	2.25842e-19	1.50334e-15	
3.7e-12    	0          	-3.38222e-15	1.3905e-15 	1          	1          	1.22258e-18	5.3727e-15 	
3.8e-12    	0          	-5.42962e-15	3.88743e-15	1          	1          	3.37142e-18	1.04313e-14	
3.9e-12    	0          	-3.0636e-15	7.94619e-15	1          	1          	2.57782e-18	5.12693e-14	
4e-12      	0          	1.7911e-14 	1.04045e-14	1          	1          	3.79749e-17	8.59812e-13	
4.1e-12    	0          	8.9422e-14 	-2.33049e-15	1          	1          	8.38651e-16	7.98142e-12	
4.2e-12    	0          	2.61216e-13	-6.7542e-14	1          	1          	7.18654e-15	4.3132e-11 	
4.3e-12    	0          	5.56112e-13	-2.60002e-13	1          	1          	3.35413e-14	1.34368e-10	
4.4e-12    	0          	7.89001e-13	-6.73536e-13	1          	1          	7.52784e-14	2.45028e-10	
4.5e-12    	0          	8.73082e-14	-1.26839e-12	1          	1          	4.68908e-14	2.07555e-09	
4.6e-12    	0          	-4.02409e-12	-1.35082e-12	1          	1          	1.82233e-12	3.0989e-08 	
4.7e-12    	0          	-1.6571e-11	1.71568e-12	1          	1          	2.9874e-11 	2.51259e-07	
4.8e-12    	0          	-4.3427e-11	1.5035e-11 	1          	1          	2.19987e-10	1.203e-06  	
4.9e-12    	0          	-7.66487e-11	5.44799e-11	1          	1          	8.8959e-10 	3.24895e-06	
5e-12      	0          	-3.01906e-11	1.55541e-10	1          	1          	1.56158e-09	6.46228e-06	
5.1e-12    	0          	5.22647e-10	4.37131e-10	1          	0.999999   	1.68448e-09	8.38507e-05	
5.2e-12    	0          	3.54564e-09	1.5542e-09 	1          	0.999991   	7.91929e-08	0.0010791  	
5.3e-12    	0          	1.88093e-08	7.6389e-09 	1          	0.999885   	1.02189e-06	0.00769143 	
5.4e-12    	0          	9.96335e-08	4.38562e-08	1          	0.999166   	6.51584e-06	0.0324576  	
5.5e-12    	0          	5.52798e-07	2.54144e-07	1          	0.996402   	2.24006e-05	0.0750435  	
5.6e-12    	0          	3.1276e-06 	1.4458e-06 	1          	0.991315   	2.90278e-05	0.182449   	
5.7e-12    	0          	1.77484e-05	8.4567e-06 	1          	0.980078   	8.49889e-05	2.47429    	
5.8e-12    	0          	0.000134259	1.27311e-05	1          	0.815797   	0.00202878 	8.75094    	
5.9e-12    	0          	0.000242794	3.39365e-05	1          	0.430481   	0.00293532 	5.05673    	
6e-12      	0          	-0.000768155	-0.000344809	1          	0.193606   	0.00715836 	4.31475    	
6.1e-12    	0          	-0.0110615 	-0.0295109 	0.999503   	0.0478715  	0.00843964 	1.70012    	
6.2e-12    	0          	0.351322   	-0.193502  	-0.916041  	0.000710961	0.01376    	1.24237    	
6.3e-12    	0          	-0.122892  	-0.365758  	-0.922561  	0.00899343 	0.010841   	0.573167   	
6.4e-12    	0          	-0.107984  	-0.605341  	-0.788607  	0.00527983 	0.0107114  	0.280454   	
6.5e-12    	0          	0.0933335  	-0.995512  	0.0156307  	0.00243214 	0.0128451  	0.174884   	
6.6e-12    	0          	0.380855   	-0.922167  	0.067507   	0.00173077 	0.00929655 	0.181449   	
6.7e-12    	0          	0.604347   	0.697092   	-0.385782  	0.000719063	0.0141122  	0.296619   	
6.8e-12    	0          	-0.409383  	0.885637   	0.219211   	0.00312306 	0.0103626  	0.895516   	
6.9e-12    	0          	-0.698374  	0.36967    	0.612877   	0.000956031	0.0114479  	0.476127   	
7e-12      	0          	0.155056   	-0.855927  	-0.493302  	0.000408045	0.0109412  	0.295001   	
7.1e-12    	0          	0.441185   	-0.362136  	-0.821105  	0.000196425	0.00854582 	0.327484   	
7.2e-12    	0          	-0.320528  	-0.691203  	0.647689   	6.13718e-05	0.00807839 	0.368743   	
7.3e-12    	0          	-0.302213  	0.346845   	0.887899   	4.72783e-05	0.0084545  	0.378615   	
7.4e-12    	0          	0.692633   	0.390966   	-0.606139  	1.2312e-05 	0.00863627 	0.348772   	
7.5e-12    	0          	0.665692   	-0.587092  	-0.460627  	1.86817e-05	0.00711535 	0.291841   	
7.6e-12    	0          	-0.136027  	-0.46811   	0.873138   	1.25555e-05	0.00974221 	0.227795   	
7.7e-12    	0          	-0.290421  	0.559272   	0.776447   	1.32984e-05	0.00608777 	0.1683     	
7.8e-12    	0          	0.014448   	0.612745   	-0.790149  	6.82316e-06	0.00812031 	0.119191   	
7.9e-12    	0          	-0.00819614	-0.232155  	-0.972644  	1.38875e-05	0.00582926 	0.0821808  	
8e-12      	0          	0.0382483  	-0.231655  	-0.972046  	8.25305e-06	0.00576674 	0.0554885  	
8.1e-12    	0          	-0.276327  	-0.302566  	0.912194   	2.19964e-06	0.00611054 	0.036803   	
8.2e-12    	0          	-0.111702  	-0.0544174 	0.992251   	6.82981e-06	0.00401052 	0.0241495  	
8.3e-12    	0          	-0.282227  	-0.0609123 	0.957412   	3.81394e-06	0.00619365 	0.0157388  	
8.4e-12    	0          	-0.323027  	0.511659   	-0.796153  	1.64994e-06	0.00399902 	0.0102257  	
8.5e-12    	0          	0.136122   	0.274346   	-0.951948  	2.70832e-06	0.00461674 	0.00664556 	
8.6e-12    	0          	0.345686   	-0.0302757 	-0.937862  	1.02403e-06	0.00457433 	0.00430326 	
8.7e-12    	0          	0.467007   	-0.660681  	0.587711   	5.62505e-07	0.00352712 	0.00278631 	
8.8e-12    	0          	0.552472   	-0.0666767 	0.83086    	6.19995e-07	0.0042263  	0.00180583 	
