#----------------------------------------------------------------------------------------------------------------------------------------------------------
# Output file for vampire simulation
#   time       : 2026-03-05 15:43:25     process id : 44175
#   hostname   : Mochi
#   path       : /home/cajam/personal/vampire/sim_input/template_cooling_fourspin
#   version    : 7.0.0
#   githash    : GHASH
#----------------------------------------------------------------------------------------------------------------------------------------------------------
8e-14      	799.366    	43.0858    	124.823    	0.638948   	-0.509776  	0.576085   	0.00914271 	-0.231339  	0.58289    	0.778924   	0.84341    	0.245154   	-0.593851  	-0.766316  	0.843539   	0.00457136 	-12392.1   	1.06015e+43	0.00556927 	0.0041272  	-0.0122352 	0          	-0.00253868	
1.6e-13    	798.726    	68.8334    	157.944    	-0.0472089 	0.789309   	-0.612178  	0.00503552 	-0.600272  	0.600108   	0.528719   	0.84743    	0.600944   	-0.591942  	-0.537096  	0.845692   	0.00472608 	-12330.1   	9.57329e+42	0.00889741 	0.0101637  	-0.014474  	0          	0.00458712 	
2.4e-13    	798.086    	110.815    	179.584    	0.23521    	0.724523   	0.647875   	0.00411039 	-0.90431   	0.353658   	0.239062   	0.844218   	0.908313   	-0.347258  	-0.233193  	0.842625   	0.00457216 	-12316.7   	8.1451e+42	0.0143239  	0.0135322  	-0.015783  	0          	0.0120731  	
3.2e-13    	797.446    	140.397    	196.392    	0.314738   	0.0352247  	0.948525   	0.0125684  	-0.879067  	0.34865    	0.325092   	0.847651   	0.889169   	-0.347906  	-0.29722   	0.846918   	0.00617141 	-12437.8   	6.89301e+42	0.0181477  	0.0182389  	-0.0177834 	0          	0.0186032  	
4e-13      	796.806    	170.362    	224.442    	0.286259   	-0.954677  	-0.0815371 	0.007073   	-0.123455  	-0.400123  	0.908108   	0.841704   	0.128839   	0.385795   	-0.913544  	0.837958   	0.00632168 	-12586.3   	5.88998e+42	0.022021   	0.0223549  	-0.0193306 	0          	0.0250452  	
4.8e-13    	796.166    	202.175    	235.537    	0.962868   	0.23403    	0.134591   	0.012575   	-0.352884  	0.212625   	0.911188   	0.835455   	0.379789   	-0.20446   	-0.902195  	0.840031   	0.00721502 	-12564.8   	5.14701e+42	0.0261332  	0.0257463  	-0.0205794 	0          	0.0313001  	
5.6e-13    	795.526    	224.391    	257.53     	-0.0889996 	0.464906   	-0.880875  	0.00343935 	-0.876715  	-0.0956498 	0.471405   	0.841827   	0.873239   	0.0991366  	-0.477101  	0.844477   	0.00674306 	-12550.7   	4.57369e+42	0.0290048  	0.0299369  	-0.0223081 	0          	0.0366336  	
6.4e-13    	794.886    	255.882    	273.576    	0.232492   	0.0211527  	-0.972368  	0.0057148  	-0.880199  	-0.287832  	-0.377363  	0.842003   	0.885152   	0.288705   	0.364904   	0.840294   	0.00662881 	-12426.9   	4.14298e+42	0.0330753  	0.032762   	-0.0232846 	0          	0.0425527  	
7.2e-13    	794.246    	280.496    	285.811    	0.160434   	-0.939566  	0.302451   	0.00562086 	0.312578   	0.0447692  	-0.948837  	0.84748    	-0.309281  	-0.0570169 	0.94926    	0.850684   	0.00652801 	-12395.5   	3.79238e+42	0.036257   	0.0360621  	-0.0251354 	0          	0.0471837  	
8e-13      	793.606    	300.784    	299.957    	0.475437   	-0.623521  	-0.62063   	0.00899401 	0.874198   	0.459747   	0.156241   	0.837657   	-0.864383  	-0.473353  	-0.169646  	0.837274   	0.00675219 	-12477.1   	3.48291e+42	0.0388794  	0.0396947  	-0.0258771 	0          	0.0526969  	
8.8e-13    	792.966    	330.869    	315.835    	0.349245   	0.137393   	-0.926904  	0.0104515  	0.677447   	-0.663317  	0.317924   	0.840299   	-0.666086  	0.66407    	-0.339618  	0.843671   	0.00706047 	-12520.6   	3.21548e+42	0.0427681  	0.0423829  	-0.0277701 	0          	0.057381   	
9.6e-13    	792.326    	352.177    	333.024    	-0.862983  	0.15713    	0.480178   	0.00605394 	0.124809   	-0.849737  	0.512221   	0.838553   	-0.137264  	0.851975   	-0.50527   	0.838583   	0.00698304 	-12443.4   	2.9949e+42	0.0455224  	0.0453112  	-0.0282052 	0          	0.0626285  	
1.04e-12   	791.686    	373.524    	340.789    	-0.679478  	0.316224   	0.662052   	0.00519741 	-0.19113   	-0.394757  	0.898686   	0.848292   	0.184149   	0.401565   	-0.897126  	0.842096   	0.0068555  	-12381.2   	2.80989e+42	0.0482818  	0.0479437  	-0.0297287 	0          	0.0664968  	
1.12e-12   	791.046    	394.552    	344.267    	0.275519   	0.457871   	0.845248   	0.00558466 	-0.273305  	-0.543135  	0.79392    	0.851971   	0.278161   	0.551605   	-0.786357  	0.848159   	0.00677078 	-12651.3   	2.62841e+42	0.0509998  	0.0507528  	-0.0307226 	0          	0.07103    	
1.2e-12    	790.406    	407.938    	378.461    	-0.163636  	-0.882827  	-0.440273  	0.00600435 	-0.917167  	-0.381287  	0.115868   	0.846831   	0.920458   	0.371029   	-0.122861  	0.841668   	0.00672287 	-12288     	2.49624e+42	0.0527301  	0.0533129  	-0.0317841 	0          	0.0742589  	
1.28e-12   	789.766    	428.563    	388.624    	-0.76019   	-0.591655  	0.268432   	0.00643453 	-0.036914  	-0.29088   	0.956047   	0.845183   	0.0255142  	0.283819   	-0.958538  	0.839383   	0.00670591 	-12433.7   	2.36355e+42	0.0553961  	0.0552569  	-0.0323796 	0          	0.0782734  	
1.36e-12   	789.126    	445.494    	392.85     	-0.171006  	-0.88535   	-0.432333  	0.0056559  	0.635956   	-0.147737  	0.757452   	0.849212   	-0.635597  	0.135382   	-0.760058  	0.852734   	0.00664758 	-12595.2   	2.2373e+42	0.0575845  	0.0575453  	-0.0334033 	0          	0.0817266  	
1.44e-12   	788.486    	462.447    	393.076    	0.68138    	-0.205536  	0.702478   	0.00778159 	0.353593   	-0.703243  	-0.616784  	0.837398   	-0.340568  	0.698682   	0.629172   	0.838286   	0.00670726 	-12183.5   	2.15277e+42	0.0597759  	0.0596205  	-0.0336947 	0          	0.0857017  	
1.52e-12   	787.846    	471.457    	427.862    	-0.328765  	-0.862268  	0.385238   	0.00493025 	0.662676   	-0.573611  	-0.481488  	0.832294   	-0.667246  	0.563966   	0.486545   	0.831452   	0.00661841 	-12359.1   	2.05893e+42	0.0609405  	0.0625636  	-0.0349147 	0          	0.0885894  	
1.6e-12    	787.206    	499.797    	392.591    	0.618055   	-0.34208   	-0.707806  	0.00618591 	0.867409   	-0.184291  	0.462211   	0.839452   	-0.861667  	0.179953   	-0.474496  	0.836172   	0.00659782 	-12364.9   	1.97276e+42	0.0646038  	0.0623483  	-0.0351455 	0          	0.0918066  	
1.68e-12   	786.566    	497.358    	419.682    	0.631848   	-0.0313457 	-0.774458  	0.0199969  	0.399706   	0.831352   	0.386121   	0.838799   	-0.367892  	-0.829046  	-0.421116  	0.842645   	0.00720687 	-12653.4   	1.88617e+42	0.0642885  	0.0661514  	-0.0372158 	0          	0.0932241  	
1.76e-12   	785.926    	524.123    	416.045    	-0.892113  	0.445012   	0.0780944  	0.00780266 	-0.00230082	0.759431   	-0.650584  	0.841384   	-0.0143199 	-0.755108  	0.655444   	0.837004   	0.00723277 	-12281.7   	1.81937e+42	0.0677482  	0.0661877  	-0.0361056 	0          	0.0978303  	
1.84e-12   	785.286    	526.353    	444.684    	0.897282   	0.439413   	-0.042441  	0.00199985 	0.477088   	0.175373   	-0.86118   	0.838891   	-0.47403   	-0.173725  	0.8632     	0.836731   	0.00701473 	-12265.6   	1.75824e+42	0.0680364  	0.0688566  	-0.0374691 	0          	0.0994239  	
1.92e-12   	784.646    	541.657    	441.597    	0.0603789  	-0.556835  	0.828426   	0.00355252 	0.743985   	-0.41656   	-0.52246   	0.841046   	-0.742471  	0.411299   	0.528744   	0.842183   	0.00687624 	-12438.5   	1.6933e+42	0.0700145  	0.069742   	-0.0377644 	0          	0.101992   	
2e-12      	784.006    	557.683    	453.174    	-0.690646  	0.118158   	0.713475   	0.00868979 	0.371518   	-0.563255  	0.73805    	0.840958   	-0.38734   	0.567968   	-0.726209  	0.837596   	0.006946   	-12394.8   	1.63456e+42	0.0720861  	0.070776   	-0.0378407 	0          	0.105021   	
2.08e-12   	783.366    	558.502    	450.091    	-0.928213  	-0.17589   	-0.327846  	0.00430374 	-0.2682    	0.416605   	0.868625   	0.83705    	0.258352   	-0.417923  	-0.870974  	0.838033   	0.00684813 	-12314.6   	1.58307e+42	0.0721919  	0.0737359  	-0.0395291 	0          	0.106399   	
2.16e-12   	782.726    	573.954    	486.608    	-0.854756  	0.175957   	-0.488294  	0.00537359 	0.592214   	0.639802   	-0.489832  	0.844286   	-0.601864  	-0.636261  	0.48263    	0.846012   	0.00679547 	-12596.7   	1.52904e+42	0.0741893  	0.0739545  	-0.0389868 	0          	0.109157   	
2.24e-12   	782.086    	585.858    	479.81     	-0.951888  	0.239905   	-0.190669  	0.0163548  	0.166813   	-0.825615  	-0.539011  	0.835552   	-0.201925  	0.826203   	0.525942   	0.844456   	0.00712511 	-12433.7   	1.48052e+42	0.075728   	0.0750624  	-0.0393886 	0          	0.111402   	
2.32e-12   	781.446    	588.625    	476.787    	-0.775681  	0.424151   	-0.467349  	0.0101708  	-0.398278  	-0.211344  	0.892585   	0.837284   	0.377512   	0.220527   	-0.899362  	0.841545   	0.00722663 	-12551.3   	1.43359e+42	0.0760856  	0.0766745  	-0.0407705 	0          	0.11199    	
2.4e-12    	780.806    	605.341    	485.173    	0.937053   	-0.320243  	0.139196   	0.00546769 	0.0767123  	0.977302   	-0.197472  	0.844146   	-0.0643445 	-0.977972  	0.198569   	0.847148   	0.00716989 	-12283.5   	1.39594e+42	0.0782464  	0.0774733  	-0.0413137 	0          	0.114406   	
2.48e-12   	780.166    	615.49     	504.197    	0.472316   	-0.869307  	-0.145682  	0.00718989 	0.767763   	0.620584   	-0.159422  	0.845878   	-0.757648  	-0.633619  	0.156514   	0.848207   	0.00717051 	-12275.4   	1.36061e+42	0.0795582  	0.0785791  	-0.0415824 	0          	0.116555   	
2.56e-12   	779.526    	613.973    	500.386    	0.344037   	-0.807186  	-0.479677  	0.00620973 	0.78543    	-0.12123   	0.606962   	0.839615   	-0.781145  	0.109403   	-0.614689  	0.838751   	0.0071414  	-12541.6   	1.32157e+42	0.0793622  	0.0804944  	-0.041754  	0          	0.118103   	
2.64e-12   	778.886    	625.208    	519.211    	0.179675   	0.982814   	-0.0423504 	0.0120235  	-0.462084  	0.2675     	0.845531   	0.838851   	0.468982   	-0.240221  	-0.849912  	0.835726   	0.00728499 	-12432.2   	1.28591e+42	0.0808144  	0.0804409  	-0.0416481 	0          	0.119607   	
2.72e-12   	778.246    	627.531    	518.081    	0.0728396  	-0.539723  	0.838686   	0.010835   	-0.0216035 	0.891029   	0.453432   	0.832509   	0.0234293  	-0.902376  	-0.430312  	0.835002   	0.00738642 	-12583.4   	1.25127e+42	0.0811146  	0.0818083  	-0.0422068 	0          	0.120716   	
2.8e-12    	777.606    	636.598    	539.286    	0.217096   	0.124726   	0.968149   	0.00785775 	0.849874   	0.36367    	-0.381391  	0.835399   	-0.843432  	-0.360316  	0.39849    	0.837734   	0.00739951 	-12481.1   	1.21889e+42	0.0822867  	0.0821856  	-0.0427298 	0          	0.121743   	
2.88e-12   	776.966    	649.563    	516.979    	-0.398244  	0.477904   	0.78295    	0.0182633  	0.0716174  	-0.804499  	0.589621   	0.840227   	-0.0890342 	0.826242   	-0.556235  	0.839243   	0.00769313 	-12438.5   	1.18874e+42	0.0839626  	0.0830159  	-0.0435303 	0          	0.123448   	
2.96e-12   	776.326    	652.591    	506.933    	0.822449   	0.417021   	0.386874   	0.0158239  	-0.560254  	0.731371   	0.38886    	0.837135   	0.590805   	-0.714951  	-0.373892  	0.837902   	0.00790709 	-12489.6   	1.15961e+42	0.0843539  	0.0839299  	-0.0438304 	0          	0.124453   	
3.04e-12   	775.686    	651.155    	532.121    	0.81106    	-0.457914  	0.364002   	0.0104617  	0.688163   	0.305869   	-0.657933  	0.841795   	-0.670779  	-0.31857   	0.669753   	0.838311   	0.0079726  	-12397     	1.13312e+42	0.0841683  	0.0859345  	-0.0438337 	0          	0.126269   	
3.12e-12   	775.046    	674.21     	554.087    	-0.0856205 	0.975561   	0.202362   	0.00649547 	0.624329   	-0.47813   	0.617742   	0.838738   	-0.621789  	0.490192   	-0.610811  	0.843952   	0.00793567 	-12260.9   	1.11126e+42	0.0871484  	0.0841877  	-0.0434546 	0          	0.127882   	
3.2e-12    	774.406    	660.151    	547.559    	-0.208983  	0.401051   	-0.891899  	0.00656837 	0.0525396  	0.940632   	0.335338   	0.842263   	-0.0558509 	-0.935243  	-0.349573  	0.841482   	0.00790232 	-12495.3   	1.08606e+42	0.0853311  	0.087112   	-0.0437064 	0          	0.128737   	
3.28e-12   	773.766    	671.306    	556.134    	-0.641393  	-0.704851  	-0.302984  	0.0123531  	0.32906    	0.149663   	-0.932374  	0.837924   	-0.347471  	-0.170201  	0.922115   	0.839129   	0.00800829 	-12363.6   	1.06363e+42	0.086773   	0.0865825  	-0.0438129 	0          	0.129543   	
3.36e-12   	773.126    	675.345    	528.021    	0.821731   	0.546903   	0.160175   	0.00318751 	0.68806    	-0.652279  	0.317972   	0.842384   	-0.683165  	0.657692   	-0.317375  	0.840752   	0.00789618 	-12503.2   	1.04067e+42	0.0872951  	0.0871582  	-0.0448793 	0          	0.129574   	
3.44e-12   	772.486    	680.86     	548.031    	0.951889   	0.0700908  	-0.298321  	0.00603603 	-0.102513  	0.36888    	0.923807   	0.837676   	0.115642   	-0.366005  	-0.9234    	0.841945   	0.0078539  	-12264.5   	1.02248e+42	0.088008   	0.0874792  	-0.044483  	0          	0.131004   	
3.52e-12   	771.846    	681.453    	534.073    	-0.758373  	0.0841889  	0.64636    	0.00667294 	-0.305483  	0.771777   	-0.55771   	0.844103   	0.29316    	-0.769574  	0.567286   	0.84506    	0.00782766 	-12406.4   	1.00217e+42	0.0880847  	0.0890829  	-0.0453219 	0          	0.131846   	
3.6e-12    	771.206    	694.133    	545.322    	0.899364   	-0.00475856	-0.437176  	0.0131719  	-0.156249  	-0.772163  	-0.615915  	0.848027   	0.18486    	0.774833   	0.604533   	0.844943   	0.00794384 	-12364     	9.83313e+41	0.0897236  	0.0887218  	-0.0455434 	0          	0.132902   	
3.68e-12   	770.566    	688.666    	513.209    	-0.577561  	-0.650895  	0.492705   	0.0100268  	0.300269   	-0.930746  	-0.208686  	0.844568   	-0.316379  	0.922275   	0.222066   	0.838173   	0.00798816 	-12565.1   	9.64082e+41	0.089017   	0.0900696  	-0.0458273 	0          	0.133259   	
3.76e-12   	769.926    	697.121    	549.883    	-0.53571   	-0.692617  	0.483007   	0.00939366 	0.768652   	0.0915779  	0.633077   	0.833059   	-0.777572  	-0.106764  	-0.619664  	0.836447   	0.00801744 	-12765     	9.48382e+41	0.0901098  	0.0900086  	-0.0453445 	0          	0.134774   	
3.84e-12   	769.286    	703.473    	536.938    	0.470763   	0.317987   	0.822962   	0.0115584  	-0.23403   	0.952451   	-0.195106  	0.844602   	0.24704    	-0.944225  	0.217741   	0.844176   	0.0080897  	-12348.2   	9.32095e+41	0.090931   	0.0900202  	-0.0461526 	0          	0.134799   	
3.92e-12   	768.646    	702.657    	546.564    	-0.690477  	-0.403979  	0.600035   	0.00912445 	-0.856764  	0.164935   	-0.488622  	0.847095   	0.845926   	-0.174471  	0.503953   	0.843053   	0.0081104  	-12440.5   	9.15299e+41	0.0908254  	0.0909555  	-0.0458481 	0          	0.135933   	
4e-12      	768.006    	702.806    	552.652    	-0.140247  	0.609476   	0.780301   	0.0103221  	-0.784146  	-0.620299  	0.0185645  	0.841492   	0.775662   	0.631148   	0.000574662	0.846963   	0.00815376 	-12246.7   	9.02307e+41	0.0908447  	0.0919791  	-0.046288  	0          	0.136536   	
4.08e-12   	767.366    	714.783    	570.639    	-0.918299  	0.39465    	-0.0312639 	0.00984283 	-0.368963  	-0.921477  	0.121436   	0.844679   	0.347236   	0.929802   	-0.12205   	0.845472   	0.00818625 	-12286.8   	8.88802e+41	0.0923929  	0.091457   	-0.0462694 	0          	0.137581   	
4.16e-12   	766.726    	715.693    	560.843    	-0.131638  	-0.336502  	0.932437   	0.00824431 	0.611813   	-0.572112  	-0.546235  	0.826854   	-0.609507  	0.560864   	0.560297   	0.833543   	0.00818734 	-12378.8   	8.74277e+41	0.0925105  	0.0918814  	-0.0462428 	0          	0.138149   	
